parameter,value,CV,se_sa,rse_sa,P2.5_sa,P97.5_sa
log10beta_pop,-7.31,
log10phi_pop,-4.87248294697985,,0.0624437409564696,1.28155894306771,-4.99487,-4.7501
log10rho_pop,-3.40867584810286,,0.0879294304560581,2.57957736007653,-3.58101,-3.23634
log10pi_pop,2.53606334655515,,0.0145910306928646,0.575341728458176,2.50747,2.56466
gamma_pop,15,
delta_pop,1.6971838158116,,0.046052866519612,2.71348725403614,1.60933,1.78984
beta_delta_lcat_2,0.219343744920479,,nan,nan,nan,nan
tau_pop,1.22100943869425,,0.370119394054122,30.3125743605985,0.698227,2.13522
beta_tau_lcat_2,0.377878227965942,,0.473414542992645,125.28230206354,-0.549997,1.30575
omega_log10phi,0.996044279531277,-20.4422322329248,0.0561429997651381,5.63659677776154,0.8921,1.1121
omega_log10rho,0.442876388280409,-12.9926225905845,0.0680103941085486,15.35651841197,0.329446,0.595362
omega_log10pi,0.129739691134987,5.11579063319609,0.010401115905136,8.0169112583397,0.110958,0.151701
omega_delta,0.419941163252119,43.9153933810166,0.0205291365275883,4.88857447757825,0.381638,0.462089
omega_tau,0.656315129710277,73.3764407748283,0.0668397379403147,10.1840922012297,0.538378,0.800088
a,1.88576226996746,,0.0171007048138302,0.906832482873107,1.85254,1.91958
plcat_1,0.472555340510893,,nan,nan,0,0
plcat_2,0.527444659489106,,nan,nan,0,0